(array([5.34057617e-04, 3.28063965e-03, 1.29699707e-02, 3.33404541e-02,
       6.35528564e-02, 1.21650696e-01, 2.10380554e-01, 3.16696167e-01,
       4.41246033e-01, 5.97229004e-01, 7.44361877e-01, 8.41979980e-01,
       9.12628174e-01, 9.30099487e-01, 8.78715515e-01, 7.75146484e-01,
       6.73828125e-01, 5.41496277e-01, 4.27322388e-01, 3.37486267e-01,
       2.56805420e-01, 1.95922852e-01, 1.56745911e-01, 1.23252869e-01,
       9.42230225e-02, 7.38525391e-02, 5.34057617e-02, 4.40597534e-02,
       3.54003906e-02, 2.47955322e-02, 1.72424316e-02, 1.38092041e-02,
       1.18255615e-02, 9.07897949e-03, 7.17163086e-03, 5.03540039e-03,
       2.67028809e-03, 2.97546387e-03, 2.13623047e-03, 1.98364258e-03,
       8.39233398e-04, 7.62939453e-04, 4.57763672e-04, 6.86645508e-04,
       3.05175781e-04, 2.28881836e-04, 7.62939453e-05, 1.52587891e-04,
       7.62939453e-05, 7.62939453e-05]), array([32.9, 33. , 33.1, 33.2, 33.3, 33.4, 33.5, 33.6, 33.7, 33.8, 33.9,
       34. , 34.1, 34.2, 34.3, 34.4, 34.5, 34.6, 34.7, 34.8, 34.9, 35. ,
       35.1, 35.2, 35.3, 35.4, 35.5, 35.6, 35.7, 35.8, 35.9, 36. , 36.1,
       36.2, 36.3, 36.4, 36.5, 36.6, 36.7, 36.8, 36.9, 37. , 37.1, 37.2,
       37.3, 37.4, 37.5, 37.6, 37.7, 37.8, 37.9]))