(array([1.49653508e-04, 2.54410964e-03, 7.33302190e-03, 1.18226271e-02,
       3.86106051e-02, 7.04868023e-02, 1.08648447e-01, 1.87366192e-01,
       2.72668692e-01, 3.75480652e-01, 5.10917077e-01, 6.36476370e-01,
       7.15792729e-01, 7.73259676e-01, 7.96755277e-01, 8.42698904e-01,
       7.71164527e-01, 7.22227830e-01, 6.19864831e-01, 5.10468116e-01,
       4.08554077e-01, 2.82695477e-01, 2.44234525e-01, 1.76890447e-01,
       1.53544499e-01, 1.24062758e-01, 1.02811960e-01, 7.13847234e-02,
       5.61200655e-02, 4.29505568e-02, 3.84609516e-02, 2.76858990e-02,
       2.63390174e-02, 1.72101534e-02, 1.25708947e-02, 8.67990347e-03,
       8.97921049e-03, 7.78198242e-03, 5.98614032e-03, 4.48960524e-03,
       1.94549561e-03, 1.49653508e-03, 2.39445613e-03, 2.09514911e-03,
       8.97921049e-04, 1.19722806e-03, 2.99307016e-04, 0.00000000e+00,
       5.98614032e-04, 2.99307016e-04, 2.99307016e-04]), array([32.7       , 32.80196078, 32.90392157, 33.00588235, 33.10784314,
       33.20980392, 33.31176471, 33.41372549, 33.51568627, 33.61764706,
       33.71960784, 33.82156863, 33.92352941, 34.0254902 , 34.12745098,
       34.22941176, 34.33137255, 34.43333333, 34.53529412, 34.6372549 ,
       34.73921569, 34.84117647, 34.94313725, 35.04509804, 35.14705882,
       35.24901961, 35.35098039, 35.45294118, 35.55490196, 35.65686275,
       35.75882353, 35.86078431, 35.9627451 , 36.06470588, 36.16666667,
       36.26862745, 36.37058824, 36.47254902, 36.5745098 , 36.67647059,
       36.77843137, 36.88039216, 36.98235294, 37.08431373, 37.18627451,
       37.28823529, 37.39019608, 37.49215686, 37.59411765, 37.69607843,
       37.79803922, 37.9       ]))