(array([0.00239446, 0.0083806 , 0.03232516, 0.05746695, 0.09458102,
       0.15204796, 0.15204796, 0.23345947, 0.31846267, 0.40346586,
       0.49206073, 0.54713323, 0.65129207, 0.69798396, 0.7039701 ,
       0.7123507 , 0.67523663, 0.66326435, 0.59981126, 0.51720252,
       0.43339656, 0.35437951, 0.25261512, 0.20113431, 0.15683688,
       0.11014498, 0.11852558, 0.08739765, 0.08620042, 0.06584754,
       0.04190298, 0.02753625, 0.02873347, 0.0299307 , 0.01556396,
       0.02035288, 0.01316951, 0.00598614, 0.0083806 , 0.00359168,
       0.00718337, 0.00478891, 0.00718337, 0.00478891, 0.00119723,
       0.        , 0.00119723, 0.00239446, 0.00119723, 0.        ,
       0.00119723]), array([32.7       , 32.80196078, 32.90392157, 33.00588235, 33.10784314,
       33.20980392, 33.31176471, 33.41372549, 33.51568627, 33.61764706,
       33.71960784, 33.82156863, 33.92352941, 34.0254902 , 34.12745098,
       34.22941176, 34.33137255, 34.43333333, 34.53529412, 34.6372549 ,
       34.73921569, 34.84117647, 34.94313725, 35.04509804, 35.14705882,
       35.24901961, 35.35098039, 35.45294118, 35.55490196, 35.65686275,
       35.75882353, 35.86078431, 35.9627451 , 36.06470588, 36.16666667,
       36.26862745, 36.37058824, 36.47254902, 36.5745098 , 36.67647059,
       36.77843137, 36.88039216, 36.98235294, 37.08431373, 37.18627451,
       37.28823529, 37.39019608, 37.49215686, 37.59411765, 37.69607843,
       37.79803922, 37.9       ]))