(array([0.00244141, 0.01953125, 0.        , 0.01464844, 0.04882812,
       0.08300781, 0.09033203, 0.08056641, 0.1171875 , 0.19042969,
       0.22216797, 0.31738281, 0.34179688, 0.40771484, 0.41503906,
       0.36865234, 0.5859375 , 0.55908203, 0.57373047, 0.53466797,
       0.53222656, 0.61767578, 0.55175781, 0.56640625, 0.51269531,
       0.38818359, 0.42480469, 0.26123047, 0.21972656, 0.12695312,
       0.15869141, 0.1171875 , 0.10253906, 0.09277344, 0.05859375,
       0.04394531, 0.04394531, 0.0390625 , 0.01953125, 0.02441406,
       0.01464844, 0.01464844, 0.02441406, 0.00488281, 0.02197266,
       0.00488281, 0.01464844, 0.        , 0.        , 0.00488281,
       0.        , 0.00976562, 0.        , 0.00488281, 0.        ,
       0.00488281]), array([32.3, 32.4, 32.5, 32.6, 32.7, 32.8, 32.9, 33. , 33.1, 33.2, 33.3,
       33.4, 33.5, 33.6, 33.7, 33.8, 33.9, 34. , 34.1, 34.2, 34.3, 34.4,
       34.5, 34.6, 34.7, 34.8, 34.9, 35. , 35.1, 35.2, 35.3, 35.4, 35.5,
       35.6, 35.7, 35.8, 35.9, 36. , 36.1, 36.2, 36.3, 36.4, 36.5, 36.6,
       36.7, 36.8, 36.9, 37. , 37.1, 37.2, 37.3, 37.4, 37.5, 37.6, 37.7,
       37.8, 37.9]))