(array([0.00488281, 0.        , 0.        , 0.        , 0.        ,
       0.        , 0.        , 0.        , 0.        , 0.00488281,
       0.00488281, 0.00488281, 0.        , 0.        , 0.00488281,
       0.        , 0.00732422, 0.00976562, 0.        , 0.        ,
       0.        , 0.00488281, 0.00488281, 0.00488281, 0.00976563,
       0.00976563, 0.00976563, 0.01464844, 0.00976563, 0.00488281,
       0.01464844, 0.00976563, 0.00976562, 0.00976563, 0.01953125,
       0.01464844, 0.03417969, 0.01953125, 0.01464844, 0.01953125,
       0.02441406, 0.00488281, 0.01953125, 0.01953125, 0.02197266,
       0.01464844, 0.03173828, 0.02929687, 0.05371094, 0.0390625 ,
       0.03417969, 0.01953125, 0.03662109, 0.04882813, 0.02197266,
       0.078125  , 0.06347656, 0.06347656, 0.078125  , 0.10009766,
       0.06347656, 0.06835938, 0.04638672, 0.05859375, 0.06591797,
       0.078125  , 0.04882813, 0.04394531, 0.07324219, 0.04882813,
       0.09521484, 0.08544922, 0.05859375, 0.09033203, 0.05859375,
       0.06103516, 0.05859375, 0.04638672, 0.06103516, 0.08789063,
       0.05859375, 0.10742187, 0.13916016, 0.18066406, 0.14160156,
       0.12695313, 0.13427734, 0.13183594, 0.13427734, 0.15380859,
       0.18310547, 0.16845703, 0.14160156, 0.14648438, 0.14404297,
       0.15380859, 0.12939453, 0.13183594, 0.15380859, 0.13916016,
       0.16113281, 0.13183594, 0.12207031, 0.1171875 , 0.1171875 ,
       0.17578125, 0.12939453, 0.14160156, 0.10253906, 0.15136719,
       0.12207031, 0.1171875 , 0.10742188, 0.13671875, 0.1171875 ,
       0.09521484, 0.09277344, 0.078125  , 0.10009766, 0.06347656,
       0.11230469, 0.06347656, 0.05859375, 0.12695313, 0.08789063,
       0.12207031, 0.08056641, 0.09521484, 0.10986328, 0.09033203,
       0.10009766, 0.10253906, 0.10498047, 0.09033203, 0.13427734,
       0.08300781, 0.07324219, 0.08789063, 0.07568359, 0.09277344,
       0.04638672, 0.03417969, 0.05859375, 0.01953125, 0.05126953,
       0.03417969, 0.03173828, 0.03417969, 0.04394531, 0.01464844,
       0.03173828, 0.02441406, 0.02685547, 0.01220703, 0.01953125,
       0.01953125, 0.01953125, 0.00732422, 0.00976563, 0.00488281]), array([-16.6, -16.5, -16.4, -16.3, -16.2, -16.1, -16. , -15.9, -15.8,
       -15.7, -15.6, -15.5, -15.4, -15.3, -15.2, -15.1, -15. , -14.9,
       -14.8, -14.7, -14.6, -14.5, -14.4, -14.3, -14.2, -14.1, -14. ,
       -13.9, -13.8, -13.7, -13.6, -13.5, -13.4, -13.3, -13.2, -13.1,
       -13. , -12.9, -12.8, -12.7, -12.6, -12.5, -12.4, -12.3, -12.2,
       -12.1, -12. , -11.9, -11.8, -11.7, -11.6, -11.5, -11.4, -11.3,
       -11.2, -11.1, -11. , -10.9, -10.8, -10.7, -10.6, -10.5, -10.4,
       -10.3, -10.2, -10.1, -10. ,  -9.9,  -9.8,  -9.7,  -9.6,  -9.5,
        -9.4,  -9.3,  -9.2,  -9.1,  -9. ,  -8.9,  -8.8,  -8.7,  -8.6,
        -8.5,  -8.4,  -8.3,  -8.2,  -8.1,  -8. ,  -7.9,  -7.8,  -7.7,
        -7.6,  -7.5,  -7.4,  -7.3,  -7.2,  -7.1,  -7. ,  -6.9,  -6.8,
        -6.7,  -6.6,  -6.5,  -6.4,  -6.3,  -6.2,  -6.1,  -6. ,  -5.9,
        -5.8,  -5.7,  -5.6,  -5.5,  -5.4,  -5.3,  -5.2,  -5.1,  -5. ,
        -4.9,  -4.8,  -4.7,  -4.6,  -4.5,  -4.4,  -4.3,  -4.2,  -4.1,
        -4. ,  -3.9,  -3.8,  -3.7,  -3.6,  -3.5,  -3.4,  -3.3,  -3.2,
        -3.1,  -3. ,  -2.9,  -2.8,  -2.7,  -2.6,  -2.5,  -2.4,  -2.3,
        -2.2,  -2.1,  -2. ,  -1.9,  -1.8,  -1.7,  -1.6,  -1.5,  -1.4,
        -1.3,  -1.2,  -1.1,  -1. ,  -0.9,  -0.8,  -0.7,  -0.6]))