(array([0.00244141, 0.        , 0.        , 0.        , 0.00488281,
       0.00488281, 0.        , 0.00488281, 0.00976562, 0.00976563,
       0.00488281, 0.01464844, 0.01464844, 0.02441406, 0.01464844,
       0.00488281, 0.01220703, 0.01953125, 0.04394531, 0.01953125,
       0.04882812, 0.03417969, 0.04882812, 0.04882812, 0.05126953,
       0.07080078, 0.06835937, 0.08789062, 0.04638672, 0.07080078,
       0.05615234, 0.10742187, 0.09277344, 0.11230469, 0.15625   ,
       0.12451172, 0.12451172, 0.14648437, 0.15869141, 0.1953125 ,
       0.20751953, 0.234375  , 0.17333984, 0.16601562, 0.12939453,
       0.12207031, 0.05371094, 0.04394531, 0.04882813, 0.04394531,
       0.02929687, 0.06835938, 0.06835937, 0.09033203, 0.15869141,
       0.18554687, 0.21728516, 0.38085937, 0.36865234, 0.42236328,
       0.55419922, 0.48583984, 0.51269531, 0.39550781, 0.46875   ,
       0.34667969, 0.30761719, 0.19775391, 0.20263672, 0.13671875,
       0.12207031, 0.07080078, 0.07324219, 0.05859375, 0.04638672,
       0.0390625 , 0.04150391, 0.04394531, 0.02929688, 0.01953125,
       0.05126953, 0.02685547, 0.04638672, 0.06347656, 0.04882813,
       0.07568359, 0.03173828, 0.04394531, 0.04638672, 0.04150391,
       0.01953125, 0.00976562, 0.00488281, 0.01464844, 0.00488281,
       0.02441406, 0.        , 0.        , 0.        , 0.00976563,
       0.00244141, 0.        , 0.        , 0.        , 0.00488281,
       0.        , 0.        , 0.        , 0.00244141]), array([-6.2, -6.1, -6. , -5.9, -5.8, -5.7, -5.6, -5.5, -5.4, -5.3, -5.2,
       -5.1, -5. , -4.9, -4.8, -4.7, -4.6, -4.5, -4.4, -4.3, -4.2, -4.1,
       -4. , -3.9, -3.8, -3.7, -3.6, -3.5, -3.4, -3.3, -3.2, -3.1, -3. ,
       -2.9, -2.8, -2.7, -2.6, -2.5, -2.4, -2.3, -2.2, -2.1, -2. , -1.9,
       -1.8, -1.7, -1.6, -1.5, -1.4, -1.3, -1.2, -1.1, -1. , -0.9, -0.8,
       -0.7, -0.6, -0.5, -0.4, -0.3, -0.2, -0.1,  0. ,  0.1,  0.2,  0.3,
        0.4,  0.5,  0.6,  0.7,  0.8,  0.9,  1. ,  1.1,  1.2,  1.3,  1.4,
        1.5,  1.6,  1.7,  1.8,  1.9,  2. ,  2.1,  2.2,  2.3,  2.4,  2.5,
        2.6,  2.7,  2.8,  2.9,  3. ,  3.1,  3.2,  3.3,  3.4,  3.5,  3.6,
        3.7,  3.8,  3.9,  4. ,  4.1,  4.2,  4.3,  4.4,  4.5,  4.6,  4.7]))