(array([6.10351563e-04, 0.00000000e+00, 0.00000000e+00, 0.00000000e+00,
       1.22070313e-03, 1.67846680e-03, 1.37329102e-03, 1.52587891e-03,
       3.50952148e-03, 4.11987305e-03, 1.37329102e-03, 3.66210937e-03,
       4.27246094e-03, 8.69750977e-03, 6.71386719e-03, 7.62939453e-03,
       9.76562500e-03, 1.15966797e-02, 1.43432617e-02, 1.52587891e-02,
       1.90734863e-02, 2.02941895e-02, 1.96838379e-02, 2.86865234e-02,
       3.23486328e-02, 4.15039063e-02, 4.65393066e-02, 4.74548340e-02,
       6.68334961e-02, 6.30187988e-02, 7.56835937e-02, 8.94165039e-02,
       9.39941406e-02, 1.12762451e-01, 1.09252930e-01, 1.18865967e-01,
       1.18408203e-01, 1.25885010e-01, 1.36871338e-01, 1.42669678e-01,
       1.74713135e-01, 1.96075439e-01, 2.51464844e-01, 3.10668945e-01,
       3.77502441e-01, 4.56848145e-01, 5.30242920e-01, 5.47637939e-01,
       5.15899658e-01, 4.57000732e-01, 3.79486084e-01, 2.82135010e-01,
       2.03857422e-01, 1.55944824e-01, 1.26495361e-01, 1.31530762e-01,
       1.51062012e-01, 1.96685791e-01, 2.69927979e-01, 3.15246582e-01,
       3.81622314e-01, 3.73382568e-01, 3.51562500e-01, 3.13262939e-01,
       2.38494873e-01, 1.78222656e-01, 1.30462646e-01, 8.60595703e-02,
       5.93566895e-02, 3.64685059e-02, 2.99072266e-02, 2.10571289e-02,
       2.02941895e-02, 2.07519531e-02, 1.78527832e-02, 2.15148926e-02,
       2.19726563e-02, 1.69372559e-02, 1.41906738e-02, 1.00708008e-02,
       5.34057617e-03, 3.50952148e-03, 2.89916992e-03, 2.59399414e-03,
       1.37329102e-03, 1.37329102e-03, 3.05175781e-04, 3.05175781e-04,
       6.10351563e-04, 0.00000000e+00, 6.10351563e-04, 1.52587891e-04,
       0.00000000e+00, 0.00000000e+00, 3.05175781e-04, 0.00000000e+00,
       1.52587891e-04]), array([-5.7000000e+00, -5.6000000e+00, -5.5000000e+00, -5.4000000e+00,
       -5.3000000e+00, -5.2000000e+00, -5.1000000e+00, -5.0000000e+00,
       -4.9000000e+00, -4.8000000e+00, -4.7000000e+00, -4.6000000e+00,
       -4.5000000e+00, -4.4000000e+00, -4.3000000e+00, -4.2000000e+00,
       -4.1000000e+00, -4.0000000e+00, -3.9000000e+00, -3.8000000e+00,
       -3.7000000e+00, -3.6000000e+00, -3.5000000e+00, -3.4000000e+00,
       -3.3000000e+00, -3.2000000e+00, -3.1000000e+00, -3.0000000e+00,
       -2.9000000e+00, -2.8000000e+00, -2.7000000e+00, -2.6000000e+00,
       -2.5000000e+00, -2.4000000e+00, -2.3000000e+00, -2.2000000e+00,
       -2.1000000e+00, -2.0000000e+00, -1.9000000e+00, -1.8000000e+00,
       -1.7000000e+00, -1.6000000e+00, -1.5000000e+00, -1.4000000e+00,
       -1.3000000e+00, -1.2000000e+00, -1.1000000e+00, -1.0000000e+00,
       -9.0000000e-01, -8.0000000e-01, -7.0000000e-01, -6.0000000e-01,
       -5.0000000e-01, -4.0000000e-01, -3.0000000e-01, -2.0000000e-01,
       -1.0000000e-01, -8.8817842e-16,  1.0000000e-01,  2.0000000e-01,
        3.0000000e-01,  4.0000000e-01,  5.0000000e-01,  6.0000000e-01,
        7.0000000e-01,  8.0000000e-01,  9.0000000e-01,  1.0000000e+00,
        1.1000000e+00,  1.2000000e+00,  1.3000000e+00,  1.4000000e+00,
        1.5000000e+00,  1.6000000e+00,  1.7000000e+00,  1.8000000e+00,
        1.9000000e+00,  2.0000000e+00,  2.1000000e+00,  2.2000000e+00,
        2.3000000e+00,  2.4000000e+00,  2.5000000e+00,  2.6000000e+00,
        2.7000000e+00,  2.8000000e+00,  2.9000000e+00,  3.0000000e+00,
        3.1000000e+00,  3.2000000e+00,  3.3000000e+00,  3.4000000e+00,
        3.5000000e+00,  3.6000000e+00,  3.7000000e+00,  3.8000000e+00,
        3.9000000e+00,  4.0000000e+00]))